InWshed/lp_xmask.asc
ncols	192
nrows	192
xllcorner	-67.0
yllcorner	-38.0
cellsize	0.125
NODATA_value	0
[rows 39 to 77 of 192, columns 87 to 173 of 192]
13147 13147 13899 13147 13899 13147 13899 13899 13147 13147 13899 13147 13147 19132 13147 13899 13899 13899 13899 19132 13899 19132 13147 19132 19132 13147 13147 13147 13899 13899 19132 13147 13147 19132 13899 13899 13147 13147 13899 13899 19132 13147 13147 13899 13899 13147 13147 13147 13899 13147 13899 13899 13147 13147 13147 13147 13147 13147 13147 13147 13147 13899 13899 13147 13899 13147 13147 13899 19132 13147 19132 13899 13899 19132 13899 19132 13899 13147 13147 19132 0 0 0 0 0 0 0
13137 13899 13899 13899 13137 13899 13899 19125 13137 13899 13899 19125 13137 13899 19125 13137 13137 13137 13137 13137 13899 13899 13899 13137 13137 13899 13899 19125 13137 13899 13137 13137 19125 13137 13137 13899 19125 19125 13137 13137 13899 13137 19125 13899 13899 13137 13899 13137 13137 13899 13137 19125 13137 13899 13137 13137 13899 13137 13137 13137 13137 13137 13899 13137 13137 19125 13137 13137 13899 13899 13899 13137 13137 13137 13899 13899 13899 13899 13137 13899 0 0 0 0 0 0 0
13899 13899 19118 13127 13899 19118 13127 13127 13127 19118 13899 19118 13127 13127 19118 13899 13127 13127 13127 19118 13899 13127 13127 13899 13127 13127 13899 13899 13899 13127 19118 13127 13127 13899 19118 13127 13127 13127 13899 19118 13127 19118 13899 19118 13127 19118 13127 13127 19118 13127 13899 19118 13899 13127 19118 13127 13127 13127 13899 13127 13127 13127 19118 19118 13899 13899 19118 19118 13127 19118 13127 13127 13127 13899 13127 13899 19118 13899 13127 13127 0 0 0 0 0 0 0
19111 13117 13899 13117 13899 13117 13117 13117 13117 13117 13117 13899 13899 13899 19111 13899 19111 13117 13117 13117 13899 13117 13899 19111 13117 19111 13117 19111 13899 13899 13117 13899 13899 13899 13117 13899 13899 19111 13117 13117 13899 13117 13899 13117 13899 13117 13899 19111 13117 13899 13899 19111 19111 13899 13117 13117 13117 19111 13899 19111 13899 13117 13117 13117 13899 13899 13899 13899 13899 13117 19111 13899 13899 19111 13117 13117 13117 13117 13117 13117 13899 0 0 0 0 0 0
13107 13899 13899 13899 13107 13107 19104 13107 13899 19104 13107 13899 13107 13107 13107 13899 13107 13107 13899 13107 13899 19104 19104 13107 13107 13899 13899 13107 13899 13899 13107 13899 13899 13107 13107 13107 13899 13107 19104 13899 13107 13899 13107 13107 19104 13899 19104 13107 13107 19104 13107 13107 19104 13899 13899 13107 13899 13107 13107 13107 13107 13899 13107 19104 13107 13107 13899 13899 13107 13899 19104 13899 13899 13107 13899 13899 13107 13107 13899 19104 19104 0 0 0 0 0 0
13097 13097 13899 13097 13899 13097 13097 13097 13899 13899 13097 13899 13899 19097 13097 13899 13899 13097 19097 13097 13097 13899 13097 13899 13899 13097 13097 13097 13097 13899 13899 19097 13097 13097 13899 13097 13097 13899 13097 13097 13899 19097 13097 19097 13097 13899 13899 13899 19097 13097 13097 19097 13899 19097 13097 13097 13097 13097 19097 13097 13097 13097 13097 13899 19097 13899 13899 13097 13899 19097 13097 13899 13899 19097 19097 13097 13899 13899 13097 13097 19097 0 0 0 0 0 0
13899 13899 13087 13087 13087 13087 19090 13899 13899 13087 13087 19090 13899 13087 19090 13087 13087 13899 13087 19090 13899 13899 13899 13899 13087 13087 13087 19090 19090 13087 13899 13087 13087 19090 13087 13899 13899 13087 13087 13087 13899 13087 13899 13899 13899 13899 13087 19090 13899 13899 13087 13899 13087 13087 13899 13899 19090 19090 13899 19090 13899 13087 13899 13087 13087 13087 13087 13899 13899 13899 13899 19090 13899 13087 13899 19090 13899 13087 13899 13899 13899 0 0 0 0 0 0
13076 13899 19083 19083 13899 13076 13899 13076 13899 19083 13899 13076 13076 13076 13076 13899 13076 13899 13076 13076 13076 19083 13899 13899 13076 13899 13899 13076 13899 13076 13076 13899 19083 13076 19083 13076 13899 13076 19083 13899 13899 13076 19083 13899 19083 13076 13076 13076 13076 13076 13899 13899 13899 13899 19083 13899 13076 13076 13899 13076 13076 13076 19083 13899 19083 13899 13899 13899 13899 13899 19083 13076 13076 13076 13076 13076 13899 13076 13076 13076 13076 0 0 0 0 0 0
19076 13899 19076 13899 13899 19076 13899 13066 13066 13899 13066 13066 13066 19076 19076 13066 13066 13899 13899 13066 13066 13899 19076 13899 13066 13899 19076 13899 19076 13899 13066 13899 13899 13066 13066 13066 13066 13899 13066 19076 13899 13899 13066 13066 13066 13899 13899 13899 19076 13066 13066 13066 13066 13066 13066 13066 13066 13066 19076 13899 13899 19076 13066 13899 19076 13899 13899 13066 13899 13066 19076 13899 13066 13066 13899 13899 13899 13066 13066 0 0 0 0 0 0 0 0
13899 13899 13056 13899 13056 13899 13056 13056 13899 19069 13056 13056 13056 13056 13056 19069 13899 13056 13899 13056 13056 13056 13056 13899 13899 19069 13056 13056 13899 13056 13899 19069 13056 13056 13056 19069 13899 13056 13056 13899 13899 19069 13056 13899 13056 13899 13056 13899 13899 13899 13056 13056 19069 13899 13899 13899 13899 19069 13899 19069 13899 13899 13056 19069 13899 19069 13056 13899 13056 13899 13056 19069 13899 13056 13056 13056 13056 0 0 0 0 0 0 0 0 0 0
13899 19062 19062 13045 13899 13045 13899 19062 13045 13045 13045 13045 13899 13045 19062 13045 19062 13045 13899 19062 13045 13899 13899 13045 13899 13045 13899 19062 13045 19062 13045 13045 13899 13045 13045 13045 19062 13899 13899 13899 19062 13045 13899 13899 19062 13899 19062 13045 13899 13045 13899 13899 13045 13045 13899 13045 19062 13045 19062 13045 13045 13045 13045 13045 19062 13899 13045 19062 13899 13899 13899 13045 13899 13045 13899 19062 13045 0 0 0 0 0 0 0 0 0 0
13899 13899 13035 13899 13035 13899 19055 13035 13035 13899 19055 13035 13899 13035 13035 13035 13035 13035 13899 13899 13899 13035 19055 13899 19055 13899 13035 13899 13899 13035 13035 13035 13899 13035 19055 13035 13899 13035 19055 13035 13035 19055 13035 13035 13899 13899 13899 13035 13899 13899 13035 13899 13035 13899 13899 19055 13035 13899 13035 13899 13899 13035 13899 13899 13035 13035 13899 13035 13035 13035 19055 13899 13035 13035 13035 13035 13035 0 0 0 0 0 0 0 0 0 0
13024 13899 19048 13024 13024 13899 13024 13024 13024 19048 13899 13899 13024 13024 13024 13024 13024 13899 13024 13899 13024 19048 13024 13024 13024 13024 13899 13024 13899 13899 19048 13024 13024 13899 19048 13024 13024 13899 13024 13024 13899 13899 13899 13899 13899 19048 13024 13024 13899 19048 19048 13899 13899 13024 13899 13024 13899 13899 13024 13024 13899 19048 13899 13024 13899 19048 13024 19048 13024 13024 13899 13899 13899 19048 13024 13024 13899 19048 13899 19048 13899 0 0 0 0 0 0
13899 13013 13899 19040 19040 13013 13013 19040 19040 13013 13013 13899 13013 19040 19040 13899 13899 13013 13013 19040 13899 13013 13899 13899 19040 13013 13013 13899 13013 13899 13013 13013 13899 13013 13899 13013 13899 13013 19040 13899 13013 13013 13013 13013 13013 13013 13013 13899 13013 13013 13013 13013 13899 19040 13013 13899 13013 13899 13899 13013 13013 13899 13013 13899 19040 13013 19040 13013 13013 13899 13899 13013 13013 13899 19040 13013 13013 13013 13899 13899 13899 13899 13899 13013 13899 19040 0
13003 13899 13899 13003 13899 13899 13003 13899 19033 19033 13003 13899 13899 13003 13899 13899 19033 13899 13003 13003 19033 13899 19033 13899 13003 13899 13003 13003 13899 19033 13899 19033 13003 13003 13003 13899 19033 13003 13003 13003 13003 13003 13899 19033 13899 13003 13899 13899 13899 19033 13899 13003 19033 13003 19033 13003 19033 13003 13003 13003 13899 13003 13899 13003 13899 13003 13003 13899 13003 13003 13003 13003 19033 13899 13899 13003 19033 13003 13003 13003 13003 13003 13003 13003 13003 13003 13003
19026 12992 13899 19026 13899 19026 13899 13899 13899 19026 12992 13899 12992 13899 13899 13899 13899 19026 13899 13899 12992 13899 13899 19026 12992 19026 12992 19026 12992 19026 13899 12992 19026 12992 19026 13899 12992 13899 13899 12992 13899 19026 12992 19026 13899 13899 19026 13899 13899 13899 13899 19026 12992 19026 13899 12992 13899 12992 19026 19026 12992 13899 13899 19026 12992 13899 12992 13899 13899 19026 12992 12992 12992 13899 13899 13899 19026 13899 19026 13899 19026 13899 13899 13899 12992 13899 13899
19018 13899 12981 13899 12981 13899 12981 13899 19018 13899 12981 12981 19018 12981 12981 13899 12981 19018 13899 12981 12981 12981 19018 12981 19018 13899 13899 19018 12981 12981 12981 13899 13899 12981 13899 19018 12981 12981 13899 13899 12981 19018 13899 12981 12981 13899 13899 12981 13899 12981 13899 19018 13899 13899 13899 12981 13899 13899 12981 12981 12981 13899 19018 13899 12981 12981 13899 12981 13899 12981 13899 12981 12981 19018 13899 13899 12981 13899 12981 12981 13899 12981 12981 13899 19018 12981 13899
13899 13899 12970 13899 13899 19011 13899 12970 12970 12970 13899 12970 13899 12970 13899 12970 13899 13899 19011 13899 13899 13899 12970 13899 19011 12970 12970 19011 13899 13899 19011 12970 19011 12970 13899 12970 12970 13899 12970 12970 19011 13899 13899 13899 13899 19011 12970 12970 19011 13899 12970 13899 19011 19011 13899 13899 19011 12970 19011 13899 12970 13899 12970 13899 19011 19011 12970 12970 13899 12970 13899 19011 12970 13899 19011 19011 13899 13899 19011 12970 13899 12970 12970 12970 13899 19011 12970
13899 13899 19003 12959 19003 13899 13899 12959 19003 13899 13899 19003 19003 19003 19003 12959 12959 19003 13899 13899 12959 13899 19003 19003 13899 19003 12959 12959 13899 19003 13899 13899 13899 19003 13899 13899 12959 12959 13899 13899 13899 19003 13899 19003 13899 19003 13899 13899 12959 12959 12959 13899 13899 12959 12959 12959 12959 19003 13899 19003 13899 19003 13899 13899 12959 19003 13899 13899 12959 12959 12959 19003 13899 12959 13899 13899 12959 13899 12959 13899 12959 13899 12959 13899 13899 12959 13899
12948 18996 13899 12948 12948 13899 18996 13899 12948 12948 12948 13899 12948 12948 13899 18996 13899 13899 18996 18996 13899 12948 13899 12948 13899 18996 12948 18996 12948 13899 18996 12948 13899 13899 12948 13899 12948 13899 12948 12948 18996 13899 13899 13899 13899 13899 18996 13899 18996 13899 18996 12948 12948 13899 18996 12948 18996 13899 13899 13899 18996 12948 12948 13899 13899 12948 13899 13899 12948 18996 13899 12948 13899 18996 13899 18996 18996 12948 12948 12948 18996 13899 18996 12948 12948 13899 12948
12937 12937 13899 18988 12937 12937 12937 18988 13899 18988 12937 13899 13899 18988 18988 12937 18988 12937 12937 18988 13899 13899 13899 12937 13899 18988 13899 12937 12937 12937 18988 18988 13899 18988 13899 12937 12937 13899 13899 13899 12937 12937 12937 13899 12937 13899 12937 13899 13899 12937 13899 13899 18988 12937 18988 13899 13899 13899 12937 12937 12937 12937 12937 13899 18988 13899 18988 12937 18988 13899 18988 12937 12937 12937 12937 12937 13899 12937 12937 12937 13899 13899 13899 12937 12937 12937 18988
18981 18981 12926 12926 12926 12926 12926 12926 18981 13899 13899 12926 12926 12926 13899 12926 12926 12926 12926 12926 12926 12926 12926 12926 18981 13899 13899 12926 13899 13899 12926 12926 13899 12926 12926 12926 13899 18981 13899 12926 13899 13899 18981 12926 13899 13899 12926 13899 13899 13899 18981 13899 12926 13899 12926 12926 13899 13899 12926 18981 12926 12926 12926 18981 13899 12926 12926 13899 13899 18981 13899 13899 18981 18981 12926 12926 12926 12926 13899 18981 13899 12926 13899 13899 13899 12926 13899
18973 13899 13899 18973 12915 12915 12915 18973 13899 18973 13899 18973 13899 18973 12915 12915 13899 13899 18973 13899 12915 13899 12915 13899 13899 12915 12915 12915 12915 12915 12915 13899 18973 12915 13899 13899 12915 12915 12915 12915 18973 13899 13899 13899 12915 12915 12915 12915 12915 12915 12915 18973 13899 18973 13899 12915 12915 12915 12915 12915 12915 13899 12915 12915 18973 13899 13899 12915 12915 13899 12915 18973 13899 12915 13899 12915 13899 12915 12915 13899 12915 18973 12915 13899 12915 13899 18973
13899 18966 12904 12904 12904 13899 13899 18966 12904 12904 18966 13899 12904 13899 13899 13899 12904 18966 13899 12904 13899 12904 12904 13899 13899 13899 18966 13899 13899 12904 13899 18966 13899 18966 12904 13899 13899 12904 18966 18966 12904 18966 13899 18966 13899 13899 13899 18966 12904 18966 18966 12904 13899 12904 12904 13899 13899 12904 12904 12904 12904 12904 12904 18966 13899 13899 18966 13899 13899 12904 18966 13899 18966 13899 13899 12904 13899 13899 12904 12904 13899 13899 13899 13899 13899 13899 12904
13899 18958 13899 12893 18958 12893 12893 12893 18958 12893 12893 12893 12893 12893 12893 12893 12893 12893 18958 13899 12893 18958 18958 13899 13899 12893 13899 18958 18958 13899 18958 12893 18958 12893 18958 13899 18958 13899 18958 12893 18958 12893 12893 13899 18958 13899 18958 13899 13899 12893 12893 13899 12893 13899 13899 13899 18958 13899 12893 12893 12893 18958 13899 12893 13899 18958 13899 13899 13899 13899 12893 12893 12893 12893 12893 12893 13899 18958 13899 12893 13899 18958 13899 13899 12893 13899 18958
12881 12881 12881 12881 18950 13899 18950 13899 13899 12881 13899 12881 13899 13899 13899 13899 13899 12881 12881 18950 12881 12881 12881 13899 12881 13899 12881 13899 13899 13899 12881 12881 18950 13899 12881 12881 12881 18950 13899 18950 13899 13899 13899 18950 12881 12881 13899 13899 18950 13899 12881 13899 18950 12881 12881 13899 13899 18950 13899 12881 13899 12881 18950 13899 18950 12881 18950 13899 12881 12881 13899 12881 13899 12881 13899 12881 12881 12881 13899 12881 13899 12881 12881 13899 12881 12881 13899
12870 12870 18942 18942 12870 12870 12870 18942 13899 13899 12870 18942 13899 13899 12870 13899 12870 12870 12870 12870 13899 13899 12870 13899 13899 13899 13899 13899 18942 12870 12870 13899 12870 13899 13899 13899 18942 12870 13899 13899 12870 13899 18942 13899 13899 18942 12870 12870 18942 18942 13899 18942 18942 12870 13899 13899 12870 18942 13899 12870 12870 13899 12870 12870 13899 13899 12870 12870 13899 13899 13899 18942 13899 13899 13899 13899 13899 12870 12870 12870 12870 12870 13899 18942 13899 13899 13899
12858 12858 12858 13899 13899 18935 13899 13899 12858 13899 13899 18935 12858 12858 13899 18935 13899 12858 13899 13899 13899 12858 13899 13899 18935 13899 18935 12858 12858 13899 13899 12858 13899 13899 13899 12858 12858 13899 12858 13899 18935 13899 13899 13899 13899 13899 13899 13899 12858 12858 12858 12858 13899 18935 13899 12858 12858 12858 18935 13899 18935 12858 13899 18935 12858 12858 18935 13899 13899 18935 18935 13899 12858 12858 12858 12858 12858 12858 12858 12858 12858 13899 13899 12858 12858 12858 12858
13899 18927 18927 12847 12847 13899 12847 12847 13899 12847 12847 12847 18927 13899 18927 12847 13899 12847 18927 12847 12847 18927 13899 12847 13899 18927 12847 13899 13899 13899 13899 13899 13899 13899 12847 13899 12847 13899 13899 12847 13899 13899 13899 12847 13899 12847 12847 13899 13899 13899 13899 13899 13899 18927 12847 13899 18927 13899 12847 13899 13899 18927 13899 13899 13899 12847 12847 13899 18927 13899 12847 13899 13899 13899 18927 12847 13899 18927 13899 13899 12847 18927 13899 13899 13899 12847 13899
18919 18919 12835 12835 13899 13899 13899 13899 18919 18919 13899 13899 13899 18919 12835 12835 12835 13899 12835 12835 13899 12835 13899 13899 18919 12835 12835 12835 12835 12835 13899 13899 12835 12835 12835 12835 18919 13899 13899 13899 12835 13899 13899 13899 12835 18919 12835 13899 13899 12835 13899 13899 13899 12835 13899 12835 12835 12835 12835 13899 18919 12835 12835 12835 13899 18919 18919 13899 12835 18919 13899 13899 18919 12835 13899 13899 12835 12835 12835 12835 18919 18919 13899 18919 13899 13899 13899
12824 12824 18911 12824 12824 12824 13899 12824 12824 13899 13899 13899 13899 13899 13899 18911 13899 12824 12824 12824 13899 12824 18911 12824 12824 18911 13899 13899 13899 13899 18911 12824 13899 13899 18911 18911 12824 12824 12824 12824 13899 13899 12824 18911 18911 12824 13899 12824 13899 12824 12824 13899 18911 12824 12824 12824 13899 18911 18911 13899 18911 12824 18911 12824 12824 12824 12824 12824 12824 12824 12824 12824 12824 12824 12824 12824 13899 13899 18911 13899 18911 13899 13899 18911 18911 13899 0
13899 18903 12812 12812 18903 13899 12812 13899 13899 12812 13899 13899 12812 12812 12812 13899 12812 18903 12812 18903 13899 12812 12812 18903 13899 13899 13899 12812 13899 13899 13899 18903 13899 13899 13899 18903 13899 13899 13899 13899 12812 12812 12812 12812 18903 13899 13899 13899 12812 13899 13899 12812 18903 13899 18903 13899 12812 12812 12812 12812 12812 12812 18903 13899 12812 13899 13899 12812 18903 13899 13899 13899 12812 18903 12812 12812 18903 13899 18903 12812 12812 12812 12812 13899 0 0 0
13899 18895 12800 12800 18895 12800 12800 12800 12800 12800 12800 12800 18895 13899 13899 12800 18895 13899 12800 13899 12800 12800 12800 18895 18895 13899 13899 18895 13899 13899 18895 13899 13899 12800 12800 18895 13899 13899 13899 13899 12800 13899 13899 12800 12800 12800 12800 12800 12800 12800 12800 12800 12800 12800 12800 12800 13899 12800 12800 12800 12800 12800 13899 18895 13899 18895 12800 12800 12800 13899 18895 12800 12800 13899 12800 18895 12800 12800 12800 18895 12800 18895 12800 0 0 0 0
12788 12788 13899 12788 12788 18887 13899 13899 18887 13899 12788 13899 12788 12788 18887 12788 12788 12788 13899 13899 18887 18887 13899 13899 13899 12788 13899 18887 18887 13899 13899 18887 13899 12788 13899 12788 12788 12788 13899 12788 12788 13899 12788 18887 13899 18887 12788 13899 13899 13899 12788 12788 13899 13899 18887 13899 13899 13899 13899 13899 12788 13899 12788 13899 13899 18887 13899 12788 18887 18887 13899 13899 12788 12788 13899 13899 12788 12788 12788 12788 12788 0 0 0 0 0 0
12776 18879 12776 13899 12776 13899 13899 13899 13899 13899 13899 12776 13899 13899 12776 12776 12776 12776 13899 13899 18879 12776 12776 12776 12776 12776 13899 18879 12776 13899 12776 12776 13899 18879 13899 13899 18879 12776 13899 18879 12776 13899 13899 12776 12776 13899 12776 18879 12776 12776 13899 13899 18879 12776 12776 12776 12776 13899 13899 12776 18879 18879 12776 13899 18879 12776 13899 13899 18879 12776 12776 12776 18879 12776 12776 12776 13899 13899 12776 0 0 0 0 0 0 0 0
12764 12764 12764 12764 13899 13899 12764 13899 12764 13899 12764 12764 13899 12764 18871 13899 12764 13899 13899 12764 12764 12764 18871 13899 13899 13899 12764 18871 12764 12764 12764 12764 12764 13899 12764 12764 13899 13899 12764 13899 12764 13899 13899 18871 12764 13899 18871 13899 12764 13899 12764 13899 18871 13899 13899 13899 12764 12764 12764 12764 12764 12764 12764 13899 18871 18871 13899 12764 18871 18871 13899 18871 12764 12764 18871 18871 12764 12764 0 0 0 0 0 0 0 0 0
13899 13899 12752 12752 18863 13899 12752 12752 18863 12752 13899 13899 12752 12752 13899 12752 12752 13899 18863 18863 12752 13899 12752 13899 13899 13899 12752 12752 13899 18863 13899 13899 12752 13899 13899 13899 12752 12752 12752 12752 18863 13899 13899 13899 12752 13899 12752 13899 12752 13899 18863 13899 13899 12752 12752 13899 18863 13899 18863 13899 12752 12752 12752 12752 12752 18863 13899 13899 13899 12752 12752 13899 18863 18863 13899 13899 13899 12752 12752 13899 0 0 0 0 0 0 0
13899 13899 12740 12740 12740 13899 12740 18855 12740 12740 12740 13899 13899 12740 12740 18855 13899 13899 12740 13899 13899 12740 18855 13899 13899 18855 12740 18855 18855 13899 12740 12740 13899 18855 13899 18855 13899 18855 12740 12740 12740 13899 12740 18855 13899 13899 12740 12740 13899 13899 18855 13899 13899 18855 12740 13899 12740 18855 12740 13899 12740 12740 12740 12740 12740 12740 13899 12740 12740 13899 12740 12740 12740 12740 12740 13899 12740 13899 13899 12740 0 0 0 0 0 0 0
12728 13899 13899 18846 18846 12728 13899 18846 12728 18846 13899 12728 18846 13899 12728 12728 13899 18846 12728 12728 12728 13899 18846 13899 13899 13899 12728 13899 18846 13899 13899 18846 12728 12728 12728 18846 13899 13899 18846 13899 13899 13899 12728 18846 18846 13899 13899 12728 13899 18846 12728 12728 13899 12728 12728 18846 13899 13899 12728 13899 13899 13899 13899 12728 18846 12728 12728 18846 13899 13899 18846 18846 12728 13899 13899 0 0 0 0 0 0 0 0 0 0 0 0
