InWshed/lp_xmask.asc
ncols	192
nrows	192
xllcorner	-67.0
yllcorner	-38.0
cellsize	0.125
NODATA_value	0
[rows 78 to 116 of 192, columns 87 to 173 of 192]
12716 12716 12716 13899 12716 12716 12716 12716 12716 12716 18838 13899 12716 12716 18838 13899 18838 12716 13899 13899 18838 12716 12716 13899 13899 12716 13899 13899 13899 12716 12716 18838 13899 12716 13899 13899 12716 12716 18838 18838 12716 13899 12716 12716 12716 13899 12716 18838 13899 13899 12716 18838 13899 13899 18838 13899 18838 12716 18838 13899 13899 13899 12716 12716 18838 18838 13899 12716 12716 12716 13899 13899 18838 12716 0 0 0 0 0 0 0 0 0 0 0 0 0
13899 18830 12704 12704 12704 18830 13899 18830 18830 13899 12704 12704 18830 13899 12704 13899 12704 18830 13899 12704 13899 12704 13899 18830 12704 12704 12704 12704 13899 18830 18830 12704 18830 13899 12704 12704 13899 13899 13899 18830 12704 13899 18830 12704 12704 13899 18830 12704 12704 13899 18830 18830 13899 12704 13899 12704 13899 13899 12704 18830 13899 13899 13899 13899 12704 12704 13899 18830 13899 18830 12704 0 0 0 0 0 0 0 0 0 0 0 0 0 0 0 0
18821 12691 12691 12691 13899 18821 13899 12691 18821 18821 18821 13899 12691 12691 13899 12691 12691 12691 12691 13899 12691 18821 13899 13899 12691 13899 18821 12691 12691 18821 18821 13899 12691 13899 13899 13899 18821 12691 18821 12691 18821 13899 18821 18821 12691 12691 13899 13899 12691 13899 12691 18821 13899 18821 12691 13899 13899 13899 12691 13899 13899 13899 13899 13899 12691 18821 18821 12691 0 0 0 0 0 0 0 0 0 0 0 0 0 0 0 0 0 0 0
12679 12679 13899 18813 12679 12679 12679 12679 13899 12679 12679 18813 12679 12679 13899 12679 18813 13899 12679 12679 12679 12679 12679 12679 12679 13899 13899 13899 12679 12679 13899 12679 12679 13899 13899 12679 13899 12679 12679 12679 18813 12679 12679 13899 13899 13899 18813 18813 18813 13899 12679 18813 13899 13899 18813 13899 13899 13899 12679 13899 13899 18813 13899 18813 18813 0 0 0 0 0 0 0 0 0 0 0 0 0 0 0 0 0 0 0 0 0 0
12666 18805 18805 13899 18805 12666 12666 12666 12666 12666 12666 12666 12666 18805 13899 12666 18805 13899 18805 13899 18805 13899 18805 12666 12666 12666 12666 13899 18805 13899 13899 12666 12666 13899 13899 12666 13899 18805 18805 13899 12666 12666 12666 13899 12666 13899 13899 18805 18805 13899 12666 13899 12666 13899 13899 12666 13899 13899 12666 13899 13899 18805 18805 0 0 0 0 0 0 0 0 0 0 0 0 0 0 0 0 0 0 0 0 0 0 0 0
18796 12654 12654 12654 12654 12654 18796 18796 13899 13899 13899 13899 12654 12654 13899 12654 12654 12654 13899 12654 13899 13899 13899 13899 18796 12654 18796 12654 18796 18796 12654 13899 18796 13899 18796 18796 12654 13899 12654 18796 13899 12654 13899 12654 13899 12654 18796 12654 12654 13899 13899 13899 12654 13899 13899 12654 13899 12654 18796 13899 18796 0 0 0 0 0 0 0 0 0 0 0 0 0 0 0 0 0 0 0 0 0 0 0 0 0 0
12641 18788 13899 18788 12641 13899 13899 12641 12641 18788 13899 12641 12641 12641 13899 13899 12641 13899 12641 12641 13899 13899 13899 13899 12641 13899 12641 13899 12641 12641 13899 18788 13899 12641 13899 12641 12641 13899 12641 12641 13899 18788 12641 13899 18788 13899 13899 12641 13899 13899 13899 13899 13899 12641 13899 13899 13899 13899 12641 18788 0 0 0 0 0 0 0 0 0 0 0 0 0 0 0 0 0 0 0 0 0 0 0 0 0 0 0
12629 13899 12629 12629 18779 13899 13899 13899 12629 12629 12629 12629 12629 12629 18779 12629 12629 12629 12629 18779 18779 13899 18779 12629 13899 12629 18779 12629 13899 18779 12629 18779 13899 13899 13899 12629 18779 13899 13899 13899 18779 13899 18779 12629 12629 13899 12629 13899 12629 13899 12629 12629 12629 18779 12629 18779 0 0 0 0 0 0 0 0 0 0 0 0 0 0 0 0 0 0 0 0 0 0 0 0 0 0 0 0 0 0 0
18771 13899 12616 13899 12616 12616 13899 12616 18771 18771 18771 12616 13899 13899 12616 13899 18771 12616 13899 18771 12616 12616 13899 13899 18771 13899 12616 12616 12616 13899 18771 12616 12616 12616 18771 12616 13899 13899 18771 12616 12616 12616 12616 13899 13899 12616 13899 12616 18771 12616 12616 18771 13899 12616 12616 0 0 0 0 0 0 0 0 0 0 0 0 0 0 0 0 0 0 0 0 0 0 0 0 0 0 0 0 0 0 0 0
12603 18762 13899 13899 18762 12603 13899 13899 12603 12603 13899 18762 12603 13899 13899 18762 13899 12603 18762 12603 13899 13899 13899 13899 13899 18762 13899 13899 12603 13899 13899 12603 12603 12603 18762 18762 12603 13899 12603 12603 18762 12603 12603 13899 13899 12603 13899 18762 12603 18762 18762 12603 12603 13899 13899 12603 13899 0 0 0 0 0 0 0 0 0 0 0 0 0 0 0 0 0 0 0 0 0 0 0 0 0 0 0 0 0 0
12590 18754 12590 12590 13899 18754 12590 18754 13899 12590 12590 12590 12590 13899 12590 12590 18754 12590 18754 13899 12590 13899 13899 13899 13899 13899 13899 12590 13899 12590 12590 18754 13899 18754 13899 12590 18754 13899 13899 13899 12590 18754 12590 12590 18754 13899 12590 13899 12590 12590 12590 18754 18754 13899 18754 13899 18754 0 0 0 0 0 0 0 0 0 0 0 0 0 0 0 0 0 0 0 0 0 0 0 0 0 0 0 0 0 0
18745 12578 12578 12578 13899 12578 12578 13899 18745 13899 13899 13899 12578 13899 12578 12578 12578 13899 13899 13899 18745 13899 12578 13899 13899 18745 18745 12578 13899 13899 18745 12578 13899 13899 12578 18745 13899 13899 12578 12578 13899 13899 13899 18745 12578 13899 13899 12578 12578 12578 13899 13899 13899 0 0 0 0 0 0 0 0 0 0 0 0 0 0 0 0 0 0 0 0 0 0 0 0 0 0 0 0 0 0 0 0 0 0
12565 13899 12565 12565 12565 12565 12565 12565 12565 18736 13899 12565 13899 12565 18736 13899 18736 13899 13899 13899 12565 18736 13899 12565 13899 12565 12565 13899 12565 12565 13899 13899 13899 12565 12565 12565 18736 13899 18736 18736 12565 13899 12565 12565 13899 13899 13899 12565 13899 12565 12565 18736 18736 0 0 0 0 0 0 0 0 0 0 0 0 0 0 0 0 0 0 0 0 0 0 0 0 0 0 0 0 0 0 0 0 0 0
12552 12552 18728 13899 13899 13899 13899 13899 18728 13899 12552 12552 13899 13899 18728 13899 18728 13899 13899 13899 13899 12552 18728 13899 18728 13899 13899 12552 13899 12552 13899 13899 12552 12552 13899 18728 12552 12552 12552 12552 12552 13899 13899 13899 13899 13899 18728 13899 13899 13899 18728 13899 13899 0 0 0 0 0 0 0 0 0 0 0 0 0 0 0 0 0 0 0 0 0 0 0 0 0 0 0 0 0 0 0 0 0 0
13899 12539 13899 12539 12539 12539 12539 12539 12539 12539 12539 12539 13899 12539 18719 12539 12539 12539 12539 12539 12539 12539 12539 12539 12539 12539 12539 12539 18719 12539 13899 12539 18719 13899 18719 12539 12539 12539 13899 13899 18719 12539 12539 13899 13899 18719 13899 13899 13899 18719 12539 12539 12539 12539 0 0 0 0 0 0 0 0 0 0 0 0 0 0 0 0 0 0 0 0 0 0 0 0 0 0 0 0 0 0 0 0 0
12525 12525 12525 12525 13899 18710 18710 13899 13899 18710 13899 18710 12525 18710 12525 13899 13899 13899 12525 12525 13899 13899 13899 12525 13899 12525 13899 18710 12525 12525 12525 12525 13899 12525 12525 18710 18710 18710 12525 13899 18710 13899 12525 13899 13899 18710 18710 13899 12525 13899 12525 13899 13899 13899 18710 0 0 0 0 0 0 0 0 0 0 0 0 0 0 0 0 0 0 0 0 0 0 0 0 0 0 0 0 0 0 0 0
13899 12512 18701 13899 18701 13899 13899 13899 13899 13899 18701 12512 13899 18701 13899 18701 12512 13899 13899 12512 13899 12512 18701 18701 12512 13899 12512 13899 18701 13899 12512 18701 12512 12512 18701 13899 12512 18701 18701 12512 12512 13899 12512 12512 13899 12512 18701 12512 13899 12512 12512 13899 18701 12512 13899 0 0 0 0 0 0 0 0 0 0 0 0 0 0 0 0 0 0 0 0 0 0 0 0 0 0 0 0 0 0 0 0
13899 13899 13899 12499 13899 13899 13899 12499 12499 12499 13899 13899 12499 13899 12499 12499 12499 12499 13899 13899 13899 12499 13899 13899 13899 12499 13899 12499 12499 18692 13899 13899 18692 12499 13899 18692 18692 12499 12499 12499 13899 12499 12499 13899 18692 13899 0 13899 12499 13899 12499 12499 13899 18692 12499 13899 0 0 0 0 0 0 0 0 0 0 0 0 0 0 0 0 0 0 0 0 0 0 0 0 0 0 0 0 0 0 0
13899 18684 12486 13899 13899 12486 12486 12486 18684 13899 12486 13899 13899 13899 12486 13899 13899 12486 13899 12486 13899 12486 12486 12486 12486 13899 13899 13899 12486 12486 18684 13899 13899 18684 12486 13899 12486 12486 18684 13899 12486 18684 12486 12486 12486 12486 13899 12486 12486 12486 12486 12486 13899 13899 13899 12486 0 0 0 0 0 0 0 0 0 0 0 0 0 0 0 0 0 0 0 0 0 0 0 0 0 0 0 0 0 0 0
18675 12472 18675 13899 18675 12472 13899 13899 12472 12472 12472 13899 12472 12472 12472 13899 12472 13899 12472 12472 13899 18675 18675 18675 18675 13899 13899 13899 13899 12472 18675 13899 13899 13899 18675 13899 13899 12472 12472 12472 12472 12472 12472 18675 13899 12472 13899 13899 12472 18675 12472 18675 12472 12472 12472 0 0 0 0 0 0 0 0 0 0 0 0 0 0 0 0 0 0 0 0 0 0 0 0 0 0 0 0 0 0 0 0
13899 13899 13899 12459 12459 18666 13899 13899 13899 18666 12459 13899 12459 12459 12459 12459 12459 12459 12459 13899 12459 13899 13899 13899 13899 13899 13899 18666 13899 13899 12459 12459 12459 12459 13899 18666 12459 18666 13899 13899 12459 12459 18666 13899 12459 18666 13899 13899 18666 13899 18666 12459 18666 18666 0 0 0 0 0 0 0 0 0 0 0 0 0 0 0 0 0 0 0 0 0 0 0 0 0 0 0 0 0 0 0 0 0
13899 13899 12445 12445 12445 13899 12445 18657 13899 13899 13899 18657 12445 13899 18657 12445 12445 12445 18657 13899 13899 13899 18657 13899 18657 13899 12445 13899 13899 13899 13899 13899 18657 18657 12445 12445 13899 12445 13899 12445 12445 12445 13899 12445 18657 18657 18657 13899 0 12445 13899 13899 13899 0 0 0 0 0 0 0 0 0 0 0 0 0 0 0 0 0 0 0 0 0 0 0 0 0 0 0 0 0 0 0 0 0 0
18648 12432 12432 18648 13899 12432 13899 13899 13899 12432 13899 13899 18648 18648 12432 18648 13899 13899 18648 13899 18648 13899 12432 13899 18648 13899 13899 13899 13899 18648 12432 12432 12432 13899 18648 13899 12432 12432 13899 18648 13899 13899 13899 12432 12432 12432 12432 12432 0 0 0 0 0 0 0 0 0 0 0 0 0 0 0 0 0 0 0 0 0 0 0 0 0 0 0 0 0 0 0 0 0 0 0 0 0 0 0
12418 12418 13899 18639 13899 12418 12418 13899 12418 13899 12418 12418 12418 12418 18639 18639 18639 12418 13899 13899 12418 13899 18639 12418 12418 13899 18639 13899 18639 13899 13899 18639 18639 12418 12418 12418 12418 12418 18639 13899 13899 18639 13899 13899 12418 12418 12418 0 0 0 0 0 0 0 0 0 0 0 0 0 0 0 0 0 0 0 0 0 0 0 0 0 0 0 0 0 0 0 0 0 0 0 0 0 0 0 0
13899 18629 12405 13899 13899 18629 18629 13899 18629 12405 13899 18629 12405 12405 13899 12405 13899 18629 13899 13899 12405 13899 12405 18629 13899 18629 13899 12405 12405 12405 12405 12405 12405 12405 12405 12405 12405 18629 13899 18629 13899 12405 18629 13899 13899 13899 13899 0 0 0 0 0 0 0 0 0 0 0 0 0 0 0 0 0 0 0 0 0 0 0 0 0 0 0 0 0 0 0 0 0 0 0 0 0 0 0 0
13899 12391 18620 13899 12391 13899 12391 12391 12391 13899 18620 13899 18620 18620 18620 18620 18620 12391 13899 18620 18620 13899 13899 13899 12391 13899 12391 18620 12391 13899 18620 12391 12391 12391 12391 12391 13899 18620 12391 13899 12391 18620 18620 13899 13899 12391 12391 0 0 0 0 0 0 0 0 0 0 0 0 0 0 0 0 0 0 0 0 0 0 0 0 0 0 0 0 0 0 0 0 0 0 0 0 0 0 0 0
12377 18611 12377 13899 13899 12377 12377 13899 18611 12377 13899 13899 13899 13899 18611 13899 12377 13899 13899 12377 13899 13899 18611 12377 13899 12377 13899 13899 13899 18611 12377 13899 12377 18611 12377 12377 12377 13899 12377 12377 12377 12377 13899 13899 12377 12377 18611 18611 18611 0 0 0 0 0 0 0 0 0 0 0 0 0 0 0 0 0 0 0 0 0 0 0 0 0 0 0 0 0 0 0 0 0 0 0 0 0 0
13899 13899 18602 12363 13899 13899 18602 12363 18602 13899 13899 12363 13899 12363 13899 13899 13899 12363 12363 12363 12363 12363 13899 12363 12363 12363 12363 12363 13899 18602 13899 18602 12363 13899 13899 12363 13899 12363 13899 12363 18602 12363 13899 18602 12363 12363 12363 12363 18602 0 0 0 0 0 0 0 0 0 0 0 0 0 0 0 0 0 0 0 0 0 0 0 0 0 0 0 0 0 0 0 0 0 0 0 0 0 0
12350 12350 12350 13899 12350 12350 13899 12350 18593 13899 13899 13899 13899 13899 13899 13899 12350 12350 13899 13899 12350 12350 13899 12350 12350 13899 13899 18593 18593 12350 12350 12350 12350 12350 12350 18593 12350 12350 12350 13899 13899 18593 13899 18593 13899 13899 18593 13899 13899 13899 18593 13899 0 0 0 0 0 0 0 0 0 0 0 0 0 0 0 0 0 0 0 0 0 0 0 0 0 0 0 0 0 0 0 0 0 0 0
13899 13899 18584 12336 18584 13899 12336 12336 12336 18584 13899 13899 13899 12336 12336 12336 12336 13899 12336 13899 13899 12336 13899 18584 12336 12336 12336 13899 13899 18584 12336 13899 13899 18584 12336 12336 18584 13899 18584 13899 12336 12336 13899 12336 12336 12336 13899 12336 12336 12336 13899 12336 18584 0 0 0 0 0 0 0 0 0 0 0 0 0 0 0 0 0 0 0 0 0 0 0 0 0 0 0 0 0 0 0 0 0 0
12322 12322 13899 18574 12322 13899 13899 13899 12322 13899 18574 12322 12322 18574 13899 18574 12322 18574 13899 12322 13899 13899 13899 13899 12322 12322 13899 12322 12322 18574 18574 12322 13899 13899 12322 18574 12322 12322 12322 18574 18574 18574 12322 12322 13899 13899 12322 13899 18574 12322 13899 13899 13899 12322 12322 0 0 0 0 0 0 0 0 0 0 0 0 0 0 0 0 0 0 0 0 0 0 0 0 0 0 0 0 0 0 0 0
12308 12308 13899 13899 12308 13899 13899 12308 13899 13899 12308 13899 13899 12308 12308 13899 12308 12308 13899 12308 13899 13899 18565 13899 13899 12308 12308 18565 18565 12308 12308 12308 12308 13899 13899 18565 12308 13899 13899 18565 12308 12308 13899 18565 12308 12308 13899 13899 13899 18565 12308 12308 13899 13899 18565 0 0 0 0 0 0 0 0 0 0 0 0 0 0 0 0 0 0 0 0 0 0 0 0 0 0 0 0 0 0 0 0
13899 12293 13899 13899 18556 12293 13899 13899 12293 12293 12293 13899 18556 13899 12293 13899 18556 18556 13899 18556 13899 12293 13899 12293 13899 12293 12293 13899 12293 13899 18556 12293 12293 13899 13899 12293 13899 12293 13899 18556 12293 12293 12293 13899 13899 12293 13899 12293 12293 12293 13899 18556 12293 12293 0 0 0 0 0 0 0 0 0 0 0 0 0 0 0 0 0 0 0 0 0 0 0 0 0 0 0 0 0 0 0 0 0
12279 13899 18546 13899 12279 13899 18546 12279 18546 12279 12279 13899 13899 18546 13899 12279 18546 12279 12279 13899 12279 18546 12279 18546 13899 13899 12279 13899 18546 12279 12279 13899 13899 13899 12279 13899 12279 18546 13899 12279 13899 12279 13899 13899 12279 13899 18546 13899 18546 18546 18546 13899 12279 18546 0 0 0 0 0 0 0 0 0 0 0 0 0 0 0 0 0 0 0 0 0 0 0 0 0 0 0 0 0 0 0 0 0
12265 12265 18537 18537 13899 12265 12265 18537 12265 13899 18537 12265 12265 18537 18537 13899 13899 12265 13899 12265 13899 18537 18537 12265 13899 12265 12265 18537 13899 12265 12265 18537 13899 13899 12265 13899 12265 12265 13899 12265 13899 13899 12265 12265 18537 13899 18537 12265 18537 12265 12265 18537 18537 0 0 0 0 0 0 0 0 0 0 0 0 0 0 0 0 0 0 0 0 0 0 0 0 0 0 0 0 0 0 0 0 0 0
18527 13899 18527 13899 12251 12251 18527 12251 13899 12251 12251 12251 12251 18527 12251 12251 18527 18527 13899 13899 18527 12251 12251 18527 18527 18527 13899 18527 18527 13899 18527 13899 13899 13899 13899 13899 13899 12251 13899 18527 12251 13899 18527 12251 13899 12251 12251 13899 12251 18527 13899 12251 0 0 0 0 0 0 0 0 0 0 0 0 0 0 0 0 0 0 0 0 0 0 0 0 0 0 0 0 0 0 0 0 0 0 0
12236 13899 18518 13899 18518 12236 13899 12236 12236 12236 13899 13899 13899 12236 12236 12236 12236 12236 12236 12236 12236 12236 18518 0 0 0 0 0 0 0 0 0 0 0 0 0 0 0 0 18518 18518 12236 13899 18518 12236 12236 18518 12236 12236 13899 12236 0 0 0 0 0 0 0 0 0 0 0 0 0 0 0 0 0 0 0 0 0 0 0 0 0 0 0 0 0 0 0 0 0 0 0 0
13899 18508 12222 18508 12222 12222 13899 13899 12222 12222 18508 13899 13899 12222 18508 13899 13899 12222 18508 12222 18508 12222 0 0 0 0 0 0 0 0 0 0 0 0 0 0 0 0 0 0 0 18508 18508 13899 18508 12222 12222 12222 12222 12222 12222 0 0 0 0 0 0 0 0 0 0 0 0 0 0 0 0 0 0 0 0 0 0 0 0 0 0 0 0 0 0 0 0 0 0 0 0
13899 12207 12207 12207 13899 18499 13899 18499 13899 12207 12207 12207 13899 12207 13899 18499 12207 13899 12207 13899 0 0 0 0 0 0 0 0 0 0 0 0 0 0 0 0 0 0 0 0 0 0 0 13899 18499 13899 13899 12207 13899 18499 0 0 0 0 0 0 0 0 0 0 0 0 0 0 0 0 0 0 0 0 0 0 0 0 0 0 0 0 0 0 0 0 0 0 0 0 0
