InWshed/lp_xmask.asc
ncols	192
nrows	192
xllcorner	-67.0
yllcorner	-38.0
cellsize	0.125
NODATA_value	0
[rows 117 to 155 of 192, columns 0 to 86 of 192]
0 0 0 0 0 0 0 0 0 0 0 0 0 0 0 0 0 0 0 0 0 0 0 0 0 0 0 0 0 0 12193 12193 12193 12193 13899 13899 12193 12193 18489 12193 18489 13899 12193 12193 18489 12193 12193 12193 12193 18489 12193 18489 12193 13899 12193 12193 12193 13899 12193 18489 13899 13899 13899 18489 13899 12193 18489 13899 13899 12193 18489 12193 12193 12193 12193 13899 12193 12193 13899 18489 12193 12193 13899 13899 18489 13899 13899
0 0 0 0 0 0 0 0 0 0 0 0 0 0 0 0 0 0 0 0 0 0 0 0 0 0 0 0 0 0 0 13899 12178 18480 13899 13899 12178 13899 12178 12178 13899 13899 12178 12178 13899 12178 18480 12178 12178 12178 12178 13899 13899 18480 12178 13899 13899 13899 12178 12178 13899 13899 13899 13899 18480 13899 13899 12178 12178 18480 12178 12178 18480 13899 13899 12178 13899 13899 13899 12178 13899 12178 13899 12178 12178 13899 12178
0 0 0 0 0 0 0 0 0 0 0 0 0 0 0 0 0 0 0 0 0 0 0 0 0 0 0 0 0 0 0 0 12164 12164 18470 13899 13899 13899 12164 18470 12164 18470 13899 12164 18470 12164 12164 12164 13899 13899 12164 13899 13899 12164 18470 18470 13899 12164 18470 18470 13899 13899 13899 13899 13899 13899 18470 13899 12164 12164 18470 12164 12164 12164 18470 13899 18470 13899 12164 18470 13899 13899 13899 13899 13899 12164 12164
0 0 0 0 0 0 0 0 0 0 0 0 0 0 0 0 0 0 0 0 0 0 0 0 0 0 0 0 0 0 0 0 0 12149 13899 12149 13899 12149 18460 13899 12149 12149 18460 13899 12149 18460 13899 13899 12149 13899 12149 13899 12149 13899 12149 13899 13899 18460 13899 12149 12149 13899 12149 12149 12149 13899 13899 12149 13899 12149 12149 12149 12149 12149 12149 13899 13899 12149 12149 12149 18460 13899 12149 13899 12149 12149 13899
0 0 0 0 0 0 0 0 0 0 0 0 0 0 0 0 0 0 0 0 0 0 0 0 0 0 0 0 0 0 0 0 0 0 12134 12134 12134 12134 12134 13899 13899 13899 12134 18451 13899 12134 12134 12134 13899 12134 13899 13899 13899 12134 18451 13899 12134 13899 12134 13899 12134 18451 12134 18451 13899 13899 12134 12134 12134 12134 12134 13899 12134 12134 18451 13899 12134 18451 13899 12134 18451 13899 13899 12134 18451 13899 13899
0 0 0 0 0 0 0 0 0 0 0 0 0 0 0 0 0 0 0 0 0 0 0 0 0 0 0 0 0 0 0 0 0 0 0 12119 18441 12119 12119 12119 13899 12119 12119 12119 13899 12119 13899 12119 12119 13899 12119 13899 12119 12119 12119 13899 12119 13899 13899 12119 13899 12119 12119 13899 12119 13899 12119 18441 13899 13899 18441 13899 13899 13899 13899 13899 13899 18441 18441 13899 18441 13899 18441 13899 12119 13899 13899
0 0 0 0 0 0 0 0 0 0 0 0 0 0 0 0 0 0 0 0 0 0 0 0 0 0 0 0 0 0 0 0 0 0 0 0 12105 18431 13899 12105 18431 13899 13899 13899 12105 12105 13899 13899 12105 12105 13899 12105 13899 18431 12105 13899 18431 12105 13899 18431 13899 18431 13899 13899 13899 12105 13899 12105 12105 12105 12105 18431 13899 13899 18431 13899 18431 12105 12105 12105 13899 13899 12105 12105 12105 12105 12105
0 0 0 0 0 0 0 0 0 0 0 0 0 0 0 0 0 0 0 0 0 0 0 0 0 0 0 0 0 0 0 0 0 0 0 0 0 12090 12090 18421 13899 12090 12090 13899 12090 13899 12090 18421 13899 12090 13899 13899 12090 18421 13899 13899 18421 13899 13899 13899 18421 13899 12090 13899 12090 12090 13899 12090 12090 12090 12090 12090 18421 12090 18421 13899 12090 13899 18421 13899 18421 12090 18421 13899 13899 13899 12090
0 0 0 0 0 0 0 0 0 0 0 0 0 0 0 0 0 0 0 0 0 0 0 0 0 0 0 0 0 0 0 0 0 0 0 0 0 0 18411 13899 13899 12075 18411 12075 12075 12075 12075 12075 12075 18411 13899 13899 18411 12075 13899 18411 12075 13899 18411 13899 12075 12075 13899 12075 18411 13899 18411 18411 12075 13899 12075 13899 13899 12075 13899 18411 13899 13899 12075 18411 12075 12075 12075 13899 13899 18411 13899
0 0 0 0 0 0 0 0 0 0 0 0 0 0 0 0 0 0 0 0 0 0 0 0 0 0 0 0 0 0 0 0 0 0 0 0 0 0 0 13899 13899 12060 12060 13899 18402 18402 13899 13899 12060 12060 13899 18402 12060 13899 13899 13899 18402 13899 12060 13899 12060 12060 12060 13899 12060 13899 18402 12060 12060 12060 13899 12060 18402 18402 13899 12060 12060 13899 12060 12060 18402 13899 13899 18402 12060 18402 18402
0 0 0 0 0 0 0 0 0 0 0 0 0 0 0 0 0 0 0 0 0 0 0 0 0 0 0 0 0 0 0 0 0 0 0 0 0 0 0 0 18392 13899 12045 18392 18392 12045 18392 12045 13899 12045 13899 18392 13899 12045 12045 13899 13899 13899 18392 13899 13899 12045 13899 12045 18392 12045 12045 13899 12045 12045 18392 13899 12045 12045 13899 13899 13899 13899 12045 18392 13899 13899 12045 18392 13899 13899 18392
0 0 0 0 0 0 0 0 0 0 0 0 0 0 0 0 0 0 0 0 0 0 0 0 0 0 0 0 0 0 0 0 0 0 0 0 0 0 0 0 0 18382 13899 12029 12029 13899 18382 12029 13899 12029 13899 13899 18382 12029 13899 18382 13899 13899 18382 13899 12029 12029 18382 12029 13899 12029 13899 13899 18382 12029 12029 13899 18382 13899 12029 13899 18382 12029 13899 18382 12029 12029 12029 13899 13899 12029 12029
0 0 0 0 0 0 0 0 0 0 0 0 0 0 0 0 0 0 0 0 0 0 0 0 0 0 0 0 0 0 0 0 0 0 0 0 0 0 0 0 0 12014 12014 12014 13899 13899 12014 12014 12014 12014 13899 13899 13899 18372 12014 13899 12014 13899 12014 13899 13899 18372 12014 13899 12014 12014 12014 12014 12014 12014 18372 13899 12014 13899 18372 13899 12014 18372 13899 12014 12014 13899 12014 12014 12014 13899 12014
0 0 0 0 0 0 0 0 0 0 0 0 0 0 0 0 0 0 0 0 0 0 0 0 0 0 0 0 0 0 0 0 0 0 0 0 0 0 0 0 0 11999 11999 11999 11999 18362 13899 18362 13899 13899 13899 11999 18362 11999 11999 13899 13899 11999 13899 13899 11999 11999 11999 11999 13899 18362 13899 11999 13899 18362 13899 13899 11999 11999 13899 11999 11999 11999 11999 11999 11999 11999 13899 18362 11999 13899 11999
0 0 0 0 0 0 0 0 0 0 0 0 0 0 0 0 0 0 0 0 0 0 0 0 0 0 0 0 0 0 0 0 0 0 0 0 0 0 0 0 0 0 11984 11984 11984 11984 11984 18352 11984 18352 13899 11984 11984 13899 13899 18352 13899 18352 13899 13899 11984 18352 13899 11984 11984 18352 11984 11984 11984 11984 11984 13899 18352 13899 11984 13899 11984 13899 13899 11984 13899 18352 11984 13899 18352 11984 18352
0 0 0 0 0 0 0 0 0 0 0 0 0 0 0 0 0 0 0 0 0 0 0 0 0 0 0 0 0 0 0 0 0 0 0 0 0 0 0 0 0 0 11968 11968 13899 11968 13899 11968 11968 11968 18342 13899 18342 13899 13899 11968 13899 18342 13899 11968 11968 13899 18342 13899 18342 11968 13899 13899 11968 11968 18342 18342 18342 13899 13899 18342 13899 11968 18342 13899 11968 11968 13899 13899 13899 18342 11968
0 0 0 0 0 0 0 0 0 0 0 0 0 0 0 0 0 0 0 0 0 0 0 0 0 0 0 0 0 0 0 0 0 0 0 0 0 0 0 0 0 0 11953 11953 11953 11953 11953 13899 18332 18332 13899 18332 13899 18332 18332 11953 13899 13899 18332 11953 13899 11953 13899 11953 13899 11953 11953 18332 18332 13899 11953 13899 11953 13899 18332 18332 11953 13899 13899 13899 13899 11953 11953 13899 18332 13899 13899
0 0 0 0 0 0 0 0 0 0 0 0 0 0 0 0 0 0 0 0 0 0 0 0 0 0 0 0 0 0 0 0 0 0 0 0 0 0 0 0 0 0 11937 11937 13899 11937 18322 13899 11937 13899 11937 11937 18322 13899 11937 11937 18322 13899 11937 11937 18322 11937 11937 18322 11937 13899 18322 11937 13899 11937 18322 18322 13899 13899 11937 11937 11937 13899 13899 11937 13899 13899 11937 11937 18322 13899 18322
0 0 0 0 0 0 0 0 0 0 0 0 0 0 0 0 0 0 0 0 0 0 0 0 0 0 0 0 0 0 0 0 0 0 0 0 0 0 0 0 0 0 11922 11922 11922 11922 11922 11922 13899 13899 11922 13899 11922 13899 11922 13899 13899 11922 13899 11922 11922 13899 13899 13899 18311 18311 13899 13899 18311 11922 11922 11922 18311 11922 11922 11922 11922 11922 11922 11922 11922 13899 13899 18311 13899 13899 11922
0 0 0 0 0 0 0 0 0 0 0 0 0 0 0 0 0 0 0 0 0 0 0 0 0 0 0 0 0 0 0 0 0 0 0 0 0 0 0 0 0 0 0 11906 11906 11906 13899 11906 13899 13899 11906 13899 13899 18301 18301 13899 18301 11906 11906 11906 11906 11906 13899 13899 18301 13899 18301 11906 11906 13899 11906 18301 13899 11906 13899 13899 13899 11906 13899 11906 11906 11906 11906 18301 11906 11906 11906
0 0 0 0 0 0 0 0 0 0 0 0 0 0 0 0 0 0 0 0 0 0 0 0 0 0 0 0 0 0 0 0 0 0 0 0 0 0 0 0 0 0 0 11890 11890 13899 11890 18291 13899 18291 13899 13899 13899 11890 11890 18291 11890 13899 11890 11890 13899 13899 18291 18291 13899 11890 11890 13899 11890 11890 13899 11890 13899 11890 11890 11890 13899 13899 11890 11890 11890 11890 11890 11890 11890 11890 13899
0 0 0 0 0 0 0 0 0 0 0 0 0 0 0 0 0 0 0 0 0 0 0 0 0 0 0 0 0 0 0 0 0 0 0 0 0 0 0 0 0 0 0 11875 11875 13899 11875 11875 11875 13899 11875 13899 18281 11875 11875 11875 13899 11875 13899 18281 18281 13899 13899 13899 11875 13899 13899 18281 11875 11875 11875 13899 18281 13899 11875 11875 13899 13899 13899 13899 11875 11875 18281 13899 11875 11875 11875
0 0 0 0 0 0 0 0 0 0 0 0 0 0 0 0 0 0 0 0 0 0 0 0 0 0 0 0 0 0 0 0 0 0 0 0 0 0 0 0 0 0 0 11859 13899 11859 18271 11859 13899 13899 13899 13899 11859 13899 11859 18271 11859 11859 13899 13899 11859 18271 11859 13899 18271 11859 11859 11859 11859 11859 13899 13899 11859 11859 11859 11859 11859 18271 13899 13899 13899 11859 18271 11859 13899 11859 18271
0 0 0 0 0 0 0 0 0 0 0 0 0 0 0 0 0 0 0 0 0 0 0 0 0 0 0 0 0 0 0 0 0 0 0 0 0 11843 18260 18260 13899 18260 18260 13899 11843 11843 13899 11843 13899 18260 13899 18260 13899 18260 11843 13899 13899 11843 11843 13899 13899 11843 13899 18260 11843 13899 13899 11843 18260 13899 11843 18260 13899 13899 11843 11843 13899 11843 13899 18260 13899 13899 11843 11843 18260 11843 13899
0 0 0 0 0 0 0 0 0 0 0 0 0 0 0 0 0 0 0 0 0 0 0 0 0 0 0 0 0 0 0 11827 11827 18250 11827 18250 18250 11827 13899 11827 13899 13899 18250 13899 13899 13899 13899 18250 13899 13899 13899 11827 11827 11827 11827 11827 11827 11827 11827 11827 11827 11827 18250 13899 13899 11827 11827 11827 13899 11827 11827 13899 11827 11827 13899 13899 18250 11827 11827 18250 13899 11827 13899 11827 11827 18250 11827
0 0 0 0 0 0 0 0 0 0 0 0 0 0 0 0 0 0 0 0 0 0 0 0 0 11811 11811 11811 11811 11811 11811 11811 11811 11811 13899 13899 11811 18240 13899 13899 11811 11811 11811 11811 11811 11811 13899 13899 11811 13899 11811 11811 11811 13899 13899 11811 18240 13899 11811 13899 13899 13899 11811 13899 18240 18240 18240 18240 11811 13899 13899 11811 11811 11811 11811 11811 18240 13899 18240 11811 11811 11811 18240 18240 13899 18240 11811
0 0 0 0 0 0 0 0 0 0 0 0 0 0 0 0 0 0 13899 13899 13899 11795 13899 13899 11795 11795 13899 11795 11795 11795 11795 11795 11795 11795 11795 18229 11795 18229 13899 18229 13899 11795 11795 11795 13899 13899 11795 13899 13899 13899 11795 11795 18229 13899 11795 13899 18229 11795 18229 13899 11795 11795 11795 13899 11795 11795 13899 11795 13899 11795 13899 11795 13899 11795 13899 18229 13899 11795 13899 13899 13899 11795 13899 11795 13899 11795 13899
0 0 0 0 0 0 0 0 0 0 0 0 0 0 0 0 0 0 11779 13899 11779 13899 11779 11779 11779 11779 13899 11779 13899 11779 18219 13899 11779 11779 11779 11779 11779 11779 13899 11779 18219 13899 11779 11779 11779 13899 18219 11779 13899 13899 11779 11779 11779 18219 11779 13899 11779 13899 11779 18219 18219 13899 11779 13899 18219 11779 13899 13899 18219 11779 13899 13899 11779 18219 11779 13899 13899 11779 11779 11779 11779 13899 18219 13899 11779 11779 13899
0 0 0 0 0 0 0 0 0 0 0 0 0 0 0 0 0 0 11763 11763 11763 11763 11763 11763 11763 11763 18208 11763 11763 13899 11763 11763 11763 11763 13899 11763 11763 11763 11763 13899 11763 13899 11763 11763 11763 11763 13899 13899 11763 13899 18208 13899 13899 11763 18208 11763 18208 18208 13899 18208 11763 11763 11763 13899 11763 11763 11763 13899 11763 11763 11763 13899 13899 13899 11763 11763 11763 11763 11763 11763 11763 11763 13899 11763 13899 18208 11763
0 0 0 0 0 0 0 0 0 0 0 0 0 0 0 0 0 0 11747 18198 13899 13899 11747 11747 11747 11747 11747 11747 13899 13899 11747 11747 11747 18198 13899 18198 18198 13899 11747 18198 18198 11747 13899 18198 11747 11747 18198 18198 11747 18198 11747 18198 13899 11747 11747 11747 11747 13899 11747 11747 13899 11747 11747 13899 18198 11747 13899 13899 18198 11747 13899 11747 11747 11747 13899 18198 13899 13899 13899 11747 13899 18198 11747 13899 11747 13899 11747
0 0 0 0 0 0 0 0 0 0 0 0 0 0 0 0 0 0 13899 11731 13899 11731 11731 11731 11731 18188 18188 11731 11731 13899 13899 13899 11731 11731 18188 13899 13899 11731 13899 11731 13899 11731 11731 11731 13899 11731 11731 11731 18188 11731 18188 13899 18188 13899 13899 11731 11731 13899 11731 18188 11731 13899 11731 13899 11731 11731 13899 13899 11731 11731 13899 11731 11731 11731 13899 13899 11731 13899 13899 18188 11731 18188 11731 13899 18188 11731 11731
0 0 0 0 0 0 0 0 0 0 0 0 0 0 0 0 0 18177 11714 13899 13899 13899 11714 11714 11714 11714 11714 11714 11714 11714 11714 11714 11714 18177 13899 11714 13899 11714 11714 18177 13899 18177 11714 11714 18177 11714 11714 13899 11714 13899 11714 11714 13899 11714 11714 11714 11714 13899 11714 11714 13899 11714 18177 13899 11714 11714 11714 13899 11714 11714 13899 13899 11714 11714 11714 11714 13899 11714 13899 13899 18177 18177 13899 13899 11714 13899 13899
0 0 0 0 0 0 0 0 0 0 0 0 0 0 0 0 0 18166 13899 11698 11698 11698 11698 11698 13899 18166 11698 11698 13899 11698 11698 13899 18166 18166 11698 11698 13899 18166 13899 11698 11698 13899 11698 13899 11698 11698 18166 11698 11698 13899 11698 18166 11698 18166 13899 13899 11698 13899 13899 18166 13899 11698 13899 11698 11698 13899 18166 18166 13899 18166 13899 13899 13899 13899 11698 13899 18166 13899 11698 11698 11698 13899 13899 11698 13899 11698 13899
0 0 0 0 0 0 0 0 0 0 0 0 0 0 0 0 0 18156 11681 13899 18156 18156 11681 18156 11681 11681 11681 11681 18156 13899 11681 13899 11681 11681 11681 13899 18156 13899 11681 11681 11681 13899 13899 18156 11681 11681 11681 13899 11681 13899 11681 11681 18156 13899 11681 13899 13899 11681 13899 11681 13899 18156 13899 11681 11681 11681 11681 11681 13899 18156 11681 13899 13899 13899 18156 13899 13899 18156 11681 18156 18156 13899 11681 11681 11681 11681 11681
0 0 0 0 0 0 0 0 0 0 0 0 0 0 0 0 0 11665 11665 11665 13899 18145 13899 11665 11665 11665 11665 11665 11665 18145 11665 18145 13899 11665 13899 11665 13899 11665 11665 11665 11665 13899 11665 13899 13899 11665 13899 18145 11665 11665 18145 13899 18145 11665 18145 13899 13899 13899 13899 13899 13899 18145 13899 11665 11665 18145 11665 18145 11665 11665 13899 18145 11665 18145 11665 13899 18145 11665 11665 18145 13899 11665 11665 18145 13899 18145 13899
0 0 0 0 0 0 0 0 0 0 0 0 0 0 0 0 0 11649 11649 11649 13899 13899 11649 11649 11649 11649 13899 13899 11649 11649 11649 11649 11649 11649 11649 11649 11649 13899 13899 18135 11649 11649 11649 18135 11649 13899 11649 18135 11649 11649 18135 11649 11649 13899 11649 11649 18135 13899 13899 11649 18135 13899 11649 13899 18135 11649 13899 11649 13899 11649 11649 13899 18135 11649 11649 11649 11649 11649 13899 11649 11649 13899 13899 18135 11649 13899 13899
0 0 0 0 0 0 0 0 0 0 0 0 0 0 0 0 0 11632 13899 11632 18124 11632 11632 11632 11632 13899 11632 11632 18124 18124 11632 13899 13899 11632 18124 11632 13899 13899 11632 11632 13899 11632 13899 18124 18124 13899 11632 11632 18124 18124 18124 18124 11632 11632 13899 11632 11632 13899 18124 11632 11632 13899 13899 18124 13899 18124 11632 11632 13899 13899 13899 18124 11632 13899 18124 13899 11632 13899 18124 18124 11632 11632 13899 13899 11632 18124 18124
0 0 0 0 0 0 0 0 0 0 0 0 0 0 0 0 0 0 11615 18113 11615 18113 13899 11615 13899 11615 11615 18113 11615 11615 11615 11615 11615 13899 11615 13899 11615 13899 18113 11615 11615 13899 11615 11615 11615 11615 13899 18113 11615 11615 11615 11615 13899 11615 11615 13899 11615 11615 18113 13899 13899 11615 11615 11615 11615 13899 11615 13899 13899 13899 18113 11615 13899 11615 11615 18113 11615 18113 11615 13899 11615 13899 11615 11615 13899 18113 11615
0 0 0 0 0 0 0 0 0 0 0 0 0 0 0 0 0 0 0 11599 11599 18103 18103 11599 11599 18103 18103 13899 11599 11599 11599 11599 18103 13899 11599 18103 18103 11599 11599 18103 13899 11599 13899 13899 13899 13899 13899 18103 13899 11599 18103 11599 11599 13899 13899 18103 13899 11599 11599 11599 11599 11599 11599 11599 13899 11599 11599 11599 13899 18103 18103 11599 11599 13899 13899 11599 18103 13899 18103 13899 18103 13899 11599 13899 18103 11599 11599
